0   1   1   eps
0   2   2   eps
0   3   3   eps
0   4   4   eps
0   5   5   eps
0   6   6   eps
0   7   7   eps
0   8   8   eps
0   9   9   eps
1   10  eps 0
2   11  eps 0
3   12  eps 0
4   13  eps 0
5   14  eps 0
6   15  eps 0
7   16  eps 0
8   17  eps 0
9   18  eps 0
10  19  eps 1
11  19  eps 2
12  19  eps 3
13  19  eps 4
14  19  eps 5
15  19  eps 6
16  19  eps 7
17  19  eps 8
18  19  eps 9
1   20   1   1
1   21  2   1
1   22  3   1
1   23  4   1
1   24  5   1
1   25  6   1
1   26  7   1
1   27  8   1
1   28  9   1
2   20   1   2
2   21  2   2
2   22  3   2
2   23  4   2
2   24  5   2
2   25  6   2
2   26  7   2
2   27  8   2
2   28  9   2
3   20   1  3
3   21  2   3
3   22  3   3
3   23  4   3
3   24  5   3
3   25  6   3
3   26  7   3
3   27  8   3
3   28  9   3
4   20   1   4
4   21  2   4
4   22  3   4
4   23  4   4
4   24  5   4
4   25  6   4
4   26  7   4
4   27  8   4
4   28  9   4
5   20   1   5
5   21  2   5
5   22  3   5
5   23  4   5
5   24  5   5
5   25  6   5
5   26  7   5
5   27  8   5
5   28  9   5
6   20   1   6
6   21  2   6
6   22  3   6
6   23  4   6
6   24  5   6
6   25  6   6
6   26  7   6
6   27  8   6
6   28  9   6
7   20   1   7
7   21  2   7
7   22  3   7
7   23  4   7
7   24  5   7
7   25  6   7
7   26  7   7
7   27  8   7
7   28  9   7
8   20   1   8
8   21  2   8
8   22  3   8
8   23  4   8
8   24  5   8
8   25  6   8
8   26  7   8
8   27  8   8
8   28  9   8
9   20   1   9
9   21  2   9
9   22  3   9
9   23  4   9
9   24  5   9
9   25  6   9
9   26  7   9
9   27  8   9
9   28  9   9
20  19  eps 1
20  20  1   1
20  21  2   1
20  22  3   1
20  23  4   1
20  24  5   1
20  25  6   1
20  26  7   1
20  27  8   1
20  28  9   1
21  19  eps 2
21  20  1   2
21  21  2   2
21  22  3   2
21  23  4   2
21  24  5   2
21  25  6   2
21  26  7   2
21  27  8   2
21  28  9   2
22  19  eps 3
22  20  1   3
22  21  2   3
22  22  3   3
22  23  4   3
22  24  5   3
22  25  6   3
22  26  7   3
22  27  8   3
22  28  9   3
23  19  eps 4
23  20  1   4
23  21  2   4
23  22  3   4
23  23  4   4
23  24  5   4
23  25  6   4
23  26  7   4
23  27  8   4
23  28  9   4
24  19  eps 5
24  20  1   5
24  21  2   5
24  22  3   5
24  23  4   5
24  24  5   5
24  25  6   5
24  26  7   5
24  27  8   5
24  28  9   5
25  19  eps 6
25  20  1   6
25  21  2   6
25  22  3   6
25  23  4   6
25  24  5   6
25  25  6   6
25  26  7   6
25  27  8   6
25  28  9   6
26  19  eps 7
26  20  1   7
26  21  2   7
26  22  3   7
26  23  4   7
26  24  5   7
26  25  6   7
26  26  7   7
26  27  8   7
26  28  9   7
27  19  eps 8
27  20  1   8
27  21  2   8
27  22  3   8
27  23  4   8
27  24  5   8
27  25  6   8
27  26  7   8
27  27  8   8
27  28  9   8
28  19  eps 9
28  20  1   9
28  21  2   9
28  22  3   9
28  23  4   9
28  24  5   9
28  25  6   9
28  26  7   9
28  27  8   9
28  28  9   9
19